0 1 63.516452 74.516138 3.000000
1 1 68.016810 52.878433 3.000000
2 1 81.606463 42.422660 0.000000
3 1 20.231594 89.251833 1.000000
4 1 71.944967 75.707349 1.000000
5 1 24.869498 63.243870 2.000000
6 1 71.678550 0.524401 2.000000
7 1 42.314394 95.895642 2.000000
8 1 63.702889 32.861338 0.000000
9 1 42.381921 54.868842 0.000000
10 1 15.513312 34.892990 1.000000
11 1 90.714876 43.231760 1.000000
12 1 92.518273 46.967194 3.000000
13 1 89.935589 10.496483 0.000000
14 1 65.878358 73.469473 1.000000
15 1 73.620193 79.468691 3.000000
16 1 9.240853 92.390645 3.000000
17 1 43.986150 2.107254 2.000000
18 1 5.518816 65.038664 2.000000
19 1 34.903197 29.207751 3.000000
20 1 11.376743 2.995083 0.000000
21 1 4.878268 97.713264 0.000000
22 1 47.157675 91.304844 2.000000
23 1 49.940273 18.560637 2.000000
24 1 19.874144 75.711179 2.000000
25 1 92.193946 7.047836 2.000000
26 1 56.776537 58.969880 0.000000
27 1 6.584074 47.905483 1.000000
28 1 10.006117 6.558395 2.000000
29 1 61.054371 64.721832 1.000000
30 1 59.782744 20.511352 3.000000
31 1 7.571254 97.747173 3.000000
32 1 23.436155 92.591635 0.000000
33 1 85.740167 18.090590 3.000000
34 1 33.982162 18.267499 3.000000
35 1 99.785078 60.599361 2.000000
36 1 63.122818 26.213762 0.000000
37 1 22.270625 8.484615 2.000000
38 1 31.681726 26.508610 1.000000
39 1 80.106545 19.208132 1.000000
40 1 28.647891 25.226369 3.000000
41 1 75.308134 57.289380 3.000000
42 1 20.913936 81.708310 1.000000
43 1 93.509980 54.179082 0.000000
44 1 31.474501 44.692895 2.000000
45 1 23.680178 85.590139 2.000000
46 1 31.149255 65.132155 1.000000
47 1 62.097846 2.650014 1.000000
48 1 39.541237 9.938581 0.000000
49 1 32.699634 25.371348 3.000000
50 1 99.478691 25.190788 1.000000
51 1 79.188880 97.173540 3.000000
52 1 97.800201 7.112514 1.000000
53 1 62.364384 79.849303 1.000000
54 1 70.528496 5.751807 2.000000
55 1 81.351178 35.001197 3.000000
56 1 98.150655 60.239788 1.000000
57 1 43.452566 36.658381 1.000000
58 1 65.745881 87.415925 3.000000
59 1 65.265932 46.241318 3.000000
60 1 49.859058 93.468672 1.000000
61 1 29.337570 54.723337 2.000000
62 1 50.462654 97.076261 0.000000
63 1 92.309891 91.901174 3.000000
64 1 6.964994 46.282844 2.000000
65 1 87.941961 9.370692 0.000000
66 1 56.980460 64.880876 2.000000
67 1 49.565233 86.558569 2.000000
68 1 96.475058 14.061774 1.000000
69 1 49.872386 16.055984 1.000000
70 1 66.379199 88.828718 3.000000
71 1 52.153639 63.101609 2.000000
72 1 26.573210 74.554148 1.000000
73 1 48.650593 81.556461 3.000000
74 1 83.666423 57.726454 2.000000
75 1 99.114972 75.188561 2.000000
76 1 68.476818 50.796344 2.000000
77 1 80.866241 16.309144 2.000000
78 1 94.694944 14.649802 1.000000
79 1 3.209282 84.097250 0.000000
80 1 25.233446 37.935926 1.000000
81 1 72.163243 89.661940 1.000000
82 1 36.935381 65.015007 2.000000
83 1 85.065613 15.396081 3.000000
84 1 24.674799 13.371309 2.000000
85 1 60.299165 40.726692 0.000000
86 1 3.738202 0.049986 0.000000
87 1 75.167697 82.068312 2.000000
88 1 86.649666 95.598323 0.000000
89 1 80.063391 57.376441 1.000000
90 1 20.559051 35.902246 0.000000
91 1 0.310604 94.779594 3.000000
92 1 9.393596 16.722394 2.000000
93 1 83.527647 7.540488 1.000000
94 1 59.978718 14.512111 0.000000
95 1 56.395383 16.521468 1.000000
96 1 21.861026 11.175911 2.000000
97 1 62.540473 58.592045 2.000000
98 1 18.136067 45.108155 2.000000
99 1 73.734027 54.823591 3.000000
100 1 25.139071 85.335041 3.000000
101 1 76.674941 56.498422 1.000000
102 1 52.078954 18.280832 1.000000
103 1 75.520950 5.656700 2.000000
104 1 79.414260 54.648877 2.000000
105 1 85.684720 89.889484 2.000000
106 1 33.480110 26.642150 2.000000
107 1 58.818546 94.304902 1.000000
108 1 20.693515 8.305598 3.000000
109 1 86.716973 88.643369 2.000000
110 1 93.507340 3.454681 1.000000
111 1 36.545881 70.559079 0.000000
112 1 72.938313 42.319084 1.000000
113 1 46.691648 94.050168 2.000000
114 1 78.555804 59.091136 0.000000
115 1 3.153132 63.867621 0.000000
116 1 64.720836 47.798613 2.000000
117 1 27.915379 93.845838 3.000000
118 1 74.818143 1.180892 2.000000
119 1 88.349432 87.689539 3.000000
120 1 0.906762 29.239651 2.000000
121 1 62.722201 69.700275 1.000000
122 1 52.655273 54.268815 0.000000
123 1 66.462685 3.137170 2.000000
124 1 27.063728 34.961074 0.000000
125 1 70.486866 89.860026 1.000000
126 1 95.006074 45.614665 0.000000
127 1 0.160252 35.437549 0.000000
128 1 9.701560 99.936558 2.000000
129 1 41.617816 84.653840 2.000000
130 1 61.870898 77.199004 2.000000
131 1 30.450643 43.526341 1.000000
132 1 8.536661 98.930600 3.000000
133 1 48.252137 47.206295 3.000000
134 1 28.647938 87.341089 2.000000
135 1 79.701154 69.514760 1.000000
136 1 17.647263 42.461907 3.000000
137 1 70.317556 35.476663 0.000000
138 1 84.115203 1.652225 1.000000
139 1 70.233766 2.739662 2.000000
140 1 45.213633 19.433063 3.000000
141 1 5.935579 58.111194 1.000000
142 1 65.926768 42.388618 1.000000
143 1 8.189769 54.117723 1.000000
144 1 21.423548 9.729805 1.000000
145 1 77.020996 74.844624 0.000000
146 1 79.653060 16.117898 2.000000
147 1 5.195773 66.535581 2.000000
148 1 70.740099 52.477242 1.000000
149 1 72.447577 82.033520 2.000000
150 1 8.777071 4.191269 3.000000
151 1 75.397805 7.780943 1.000000
152 1 43.082497 65.917422 2.000000
153 1 46.588253 79.350511 1.000000
154 1 59.621019 22.146289 1.000000
155 1 74.113606 72.250899 0.000000
156 1 66.353608 4.841746 3.000000
157 1 57.000042 15.101583 1.000000
158 1 19.486070 39.552560 1.000000
159 1 15.469672 50.949154 1.000000
160 1 86.618713 15.410323 1.000000
161 1 1.167616 30.396966 1.000000
162 1 7.743396 3.067700 2.000000
163 1 18.650457 23.787400 1.000000
164 1 15.756185 61.475089 1.000000
165 1 72.571793 23.716327 1.000000
166 1 60.936890 65.969622 0.000000
167 1 50.746325 64.813435 1.000000
168 1 28.490900 40.490546 1.000000
169 1 5.149558 61.648028 0.000000
170 1 36.814247 60.156921 0.000000
171 1 73.139144 74.719946 1.000000
172 1 77.467685 72.551269 1.000000
173 1 96.038779 96.457759 1.000000
174 1 14.880155 60.046524 1.000000
175 1 22.542731 84.562902 3.000000
176 1 51.871390 78.480961 3.000000
177 1 66.798805 46.212395 2.000000
178 1 98.554718 32.863299 0.000000
179 1 9.409630 90.975085 1.000000
180 1 28.464377 69.902644 2.000000
181 1 61.293124 7.829630 1.000000
182 1 23.879714 10.957960 3.000000
183 1 60.773745 81.944839 2.000000
184 1 78.598842 75.859294 0.000000
185 1 51.831542 89.330912 3.000000
186 1 72.221903 99.086684 2.000000
187 1 98.675237 61.568075 3.000000
188 1 14.735419 9.508874 1.000000
189 1 73.485235 0.464657 3.000000
190 1 1.533117 74.305066 1.000000
191 1 38.932411 62.095352 1.000000
192 1 34.598282 47.809767 2.000000
193 1 16.533097 33.740894 1.000000
194 1 69.667414 91.175792 1.000000
195 1 61.594866 52.910597 0.000000
196 1 8.001727 43.580667 3.000000
197 1 72.023343 6.029494 1.000000
198 1 42.620573 51.396260 3.000000
199 1 8.184296 15.432765 2.000000
200 1 92.402169 97.527523 0.000000
201 1 47.735628 93.017396 3.000000
202 1 39.296374 79.583485 1.000000
203 1 57.471306 26.839643 1.000000
204 1 42.198144 64.080873 2.000000
205 1 40.391803 62.335261 3.000000
206 1 9.993949 31.086249 3.000000
207 1 16.318294 63.545411 0.000000
208 1 6.892124 14.734713 1.000000
209 1 4.354905 4.746870 0.000000
210 1 95.668579 91.670806 0.000000
211 1 28.613734 35.358531 0.000000
212 1 5.219535 47.055253 1.000000
213 1 58.420164 64.963645 2.000000
214 1 83.642107 22.173939 0.000000
215 1 42.438078 3.089562 1.000000
216 1 24.291040 36.786741 1.000000
217 1 18.876545 41.682507 1.000000
218 1 21.623444 13.678517 3.000000
219 1 55.044874 42.619250 1.000000
220 1 29.080197 99.107286 0.000000
221 1 84.326686 90.671463 1.000000
222 1 42.161134 75.275131 1.000000
223 1 65.273691 5.585136 1.000000
224 1 84.837030 58.698185 3.000000
225 1 71.127365 61.918394 1.000000
226 1 7.615772 86.332728 0.000000
227 1 40.822333 4.692018 3.000000
228 1 89.088948 83.208844 1.000000
229 1 86.311564 40.450591 0.000000
230 1 8.635935 45.005304 2.000000
231 1 5.582899 59.617466 2.000000
232 1 42.705450 69.289731 0.000000
233 1 4.832569 75.072887 0.000000
234 1 50.923486 17.321406 2.000000
235 1 7.768739 92.988893 3.000000
236 1 50.246406 89.566115 1.000000
237 1 33.130376 77.208706 2.000000
238 1 84.449322 37.372439 1.000000
239 1 73.892952 96.199593 2.000000
240 1 17.018573 36.586719 0.000000
241 1 66.343393 36.455563 1.000000
242 1 96.491958 82.123173 0.000000
243 1 57.062655 91.742755 0.000000
244 1 62.919460 60.093166 3.000000
245 1 84.606695 52.243592 2.000000
246 1 76.961285 5.988578 1.000000
247 1 67.185473 87.409539 3.000000
248 1 49.810104 76.774216 1.000000
249 1 73.760897 97.665062 2.000000
250 1 58.918813 66.456333 2.000000
251 1 25.492317 67.050060 2.000000
252 1 67.270645 47.139807 0.000000
253 1 34.234472 57.195253 1.000000
254 1 46.375416 92.573306 3.000000
255 1 99.517663 29.372287 1.000000
256 1 82.135101 57.638869 2.000000
257 1 1.112837 93.498263 2.000000
258 1 84.586751 83.968335 1.000000
259 1 83.674026 76.438562 2.000000
260 1 84.395378 79.397518 1.000000
261 1 77.302916 2.079121 2.000000
262 1 31.257233 25.121387 3.000000
263 1 79.337045 44.734937 1.000000
264 1 17.620418 98.548442 3.000000
265 1 96.832133 33.104369 2.000000
266 1 94.966585 6.450935 3.000000
267 1 41.757620 62.944846 3.000000
268 1 20.462922 11.735728 3.000000
269 1 14.410726 48.146068 1.000000
270 1 94.279095 20.006895 0.000000
271 1 54.282029 95.427349 0.000000
272 1 39.858009 82.114136 3.000000
273 1 64.493737 71.932374 2.000000
274 1 88.723838 44.830264 3.000000
275 1 41.748681 48.991908 2.000000
276 1 75.336538 4.093472 2.000000
277 1 1.205902 27.281897 0.000000
278 1 93.888838 36.188925 2.000000
279 1 29.620474 70.709657 2.000000
280 1 94.324028 34.178151 1.000000
281 1 73.281852 47.469321 1.000000
282 1 18.271497 97.181567 3.000000
283 1 96.415484 60.367103 2.000000
284 1 6.120817 98.076983 2.000000
285 1 63.777696 46.738633 2.000000
286 1 78.058804 51.227048 2.000000
287 1 85.531420 78.324520 3.000000
288 1 63.375754 42.383686 0.000000
289 1 63.855943 70.606534 2.000000
290 1 7.067470 44.983687 3.000000
291 1 50.491626 61.415429 0.000000
292 1 56.386275 74.440034 1.000000
293 1 97.272951 90.573310 2.000000
294 1 79.898257 79.499390 0.000000
295 1 73.323082 88.754577 2.000000
296 1 38.358645 1.545364 1.000000
297 1 54.098817 77.557628 2.000000
298 1 42.917843 9.431254 0.000000
299 1 68.993148 17.582391 0.000000
300 1 62.521391 6.951762 2.000000
301 1 69.316879 52.175150 3.000000
302 1 40.491651 63.892083 3.000000
303 1 52.892916 0.822451 2.000000
304 1 81.129533 36.412459 1.000000
305 1 42.123543 41.223512 1.000000
306 1 89.628459 69.772954 1.000000
307 1 87.232357 90.081674 3.000000
308 1 80.508379 88.178844 0.000000
309 1 94.737985 37.534730 1.000000
310 1 89.817999 87.774631 3.000000
311 1 6.654565 66.104944 2.000000
312 1 30.449592 95.535451 2.000000
313 1 95.444689 4.995172 2.000000
314 1 57.283758 28.245189 1.000000
315 1 26.705419 85.574181 2.000000
316 1 85.799117 16.698951 2.000000
317 1 67.792638 55.736562 0.000000
318 1 11.654554 28.683811 0.000000
319 1 41.494487 14.123968 2.000000
320 1 95.833413 15.519413 2.000000
321 1 98.691915 91.052859 3.000000
322 1 93.762059 45.861854 2.000000
323 1 45.412814 21.066858 1.000000
324 1 88.115444 46.060032 3.000000
325 1 80.454980 32.686051 1.000000
326 1 66.828144 11.799156 1.000000
327 1 30.770491 45.889339 2.000000
328 1 37.026342 33.318822 1.000000
329 1 10.544307 74.016960 3.000000
330 1 14.829590 99.450146 2.000000
331 1 76.592747 84.180185 1.000000
332 1 62.814437 52.255817 0.000000
333 1 88.517140 72.974029 2.000000
334 1 67.478877 43.030428 1.000000
335 1 51.066381 87.929099 2.000000
336 1 80.254032 97.419197 3.000000
337 1 45.368432 1.505076 2.000000
338 1 21.893278 78.242258 1.000000
339 1 94.102267 10.167989 3.000000
340 1 9.525023 22.028414 2.000000
341 1 30.020715 24.392170 3.000000
342 1 27.286644 89.646959 0.000000
343 1 43.653886 64.594228 2.000000
344 1 25.674928 36.168018 0.000000
345 1 99.834584 93.231197 2.000000
346 1 12.371554 21.458982 3.000000
347 1 9.454123 41.017273 2.000000
348 1 17.981029 82.049184 1.000000
349 1 33.172779 31.981014 1.000000
350 1 21.226542 54.368176 1.000000
351 1 40.579056 83.430336 3.000000
352 1 28.420805 26.664174 1.000000
353 1 40.270838 5.988747 3.000000
354 1 93.011362 11.135297 3.000000
355 1 44.084614 44.723808 1.000000
356 1 46.452522 70.833907 2.000000
357 1 58.238070 43.930424 0.000000
358 1 38.534127 98.405301 1.000000
359 1 8.631723 14.210742 1.000000
360 1 44.959460 76.942859 1.000000
361 1 43.225961 39.712536 2.000000
362 1 50.467599 72.536546 0.000000
363 1 53.200491 78.726815 1.000000
364 1 61.216449 57.064346 2.000000
365 1 68.390965 57.169277 0.000000
366 1 80.246211 34.035689 3.000000
367 1 72.325369 43.789659 1.000000
368 1 60.867479 21.579600 1.000000
369 1 25.488480 84.008450 2.000000
370 1 23.183850 46.166053 0.000000
371 1 24.172483 14.646263 2.000000
372 1 43.956966 37.976442 2.000000
373 1 8.040085 79.171577 0.000000
374 1 50.113856 2.346636 0.000000
375 1 19.579792 74.283339 2.000000
376 1 12.878253 77.006216 2.000000
377 1 31.730518 31.346697 1.000000
378 1 95.380336 35.686451 3.000000
379 1 26.928866 46.564972 2.000000
380 1 8.132392 41.746658 3.000000
381 1 64.199486 68.152887 0.000000
382 1 29.230549 94.671076 2.000000
383 1 34.552100 27.827146 3.000000
384 1 90.616762 70.897518 1.000000
385 1 93.777563 7.140736 3.000000
386 1 83.147895 0.720355 2.000000
387 1 66.327238 47.596354 3.000000
388 1 13.255706 75.532662 2.000000
389 1 86.828671 19.099490 2.000000
390 1 86.508109 5.081656 0.000000
391 1 43.583426 71.706115 1.000000
392 1 77.960338 74.319075 1.000000
393 1 66.621577 52.208309 2.000000
394 1 28.861489 47.425903 2.000000
395 1 45.522149 72.460260 2.000000
396 1 0.690029 96.227900 3.000000
397 1 20.195107 87.712066 1.000000
398 1 65.233794 55.005909 0.000000
399 1 89.061200 21.910119 0.000000
400 1 27.230012 82.487091 0.000000
401 1 87.352003 41.871291 1.000000
402 1 89.628531 45.982082 3.000000
403 1 50.314428 40.139289 0.000000
404 1 87.062407 87.130007 2.000000
405 1 91.817273 10.282371 1.000000
406 1 22.263163 68.457299 1.000000
407 1 94.655288 90.734080 0.000000
408 1 73.858409 11.476333 0.000000
409 1 62.102998 55.535435 0.000000
410 1 48.217400 3.597588 0.000000
411 1 7.560654 96.185600 2.000000
412 1 66.505422 50.657094 2.000000
413 1 88.999212 86.345548 3.000000
414 1 80.693518 49.683875 0.000000
415 1 48.398513 55.229610 0.000000
416 1 16.167828 46.235440 1.000000
417 1 67.402768 37.517175 1.000000
418 1 41.212992 7.115068 1.000000
419 1 13.148571 20.208168 1.000000
420 1 32.175014 24.015724 2.000000
421 1 9.471193 97.086616 1.000000
422 1 81.828656 1.046515 1.000000
423 1 34.617668 30.638597 1.000000
424 1 86.358037 59.540925 3.000000
425 1 9.389093 44.263691 2.000000
426 1 53.202781 75.203985 0.000000
427 1 13.271721 27.945100 0.000000
428 1 85.496737 14.018875 1.000000
429 1 91.023581 91.073413 3.000000
430 1 57.941958 82.786827 2.000000
431 1 21.009741 74.615216 3.000000
432 1 38.403499 88.171088 0.000000
433 1 88.051122 71.568843 1.000000
434 1 92.215037 45.709049 3.000000
435 1 75.866884 79.559297 1.000000
436 1 10.596010 25.596613 0.000000
437 1 88.467448 89.151230 1.000000
438 1 21.003915 49.553820 0.000000
439 1 10.112359 98.548919 2.000000
440 1 94.561880 8.811456 1.000000
441 1 26.388372 45.097505 1.000000
442 1 72.031877 60.809975 1.000000
443 1 7.813882 61.770069 1.000000
444 1 60.059471 57.923994 2.000000
445 1 8.235321 30.152355 0.000000
446 1 29.264024 57.160930 1.000000
447 1 88.226244 57.468246 2.000000
448 1 54.431068 41.276040 1.000000
449 1 11.580157 31.285572 3.000000
450 1 45.029044 30.916447 0.000000
451 1 1.914292 28.205368 1.000000
452 1 10.244839 23.363358 1.000000
453 1 63.952418 63.472672 2.000000
454 1 23.549051 77.909326 1.000000
455 1 83.430593 35.669380 1.000000
456 1 35.467613 65.018519 1.000000
457 1 42.830675 49.875030 3.000000
458 1 17.739491 87.746863 0.000000
459 1 91.305533 44.731011 2.000000
460 1 7.424713 38.882065 1.000000
461 1 6.548602 85.637470 0.000000
462 1 0.159968 76.332945 3.000000
463 1 75.181894 95.278600 2.000000
464 1 36.063104 3.824333 0.000000
465 1 98.239469 56.667982 0.000000
466 1 51.254696 81.447390 2.000000
467 1 9.175172 42.746280 3.000000
468 1 49.621125 80.541473 2.000000
469 1 40.969000 81.292314 2.000000
470 1 30.156770 74.899452 0.000000
471 1 88.366730 51.267485 1.000000
472 1 67.024130 58.829639 2.000000
473 1 12.615798 30.202601 1.000000
474 1 65.466467 63.555864 3.000000
475 1 82.278309 76.544419 1.000000
476 1 7.877793 32.330900 1.000000
477 1 80.666276 15.124724 1.000000
478 1 15.608085 96.398049 1.000000
479 1 9.341080 18.082905 1.000000
480 1 75.613011 80.646381 3.000000
481 1 40.121948 65.258100 2.000000
482 1 44.322449 88.488071 1.000000
483 1 74.673261 53.669513 1.000000
484 1 84.285093 50.750394 1.000000
485 1 40.178653 14.744400 1.000000
486 1 54.559018 25.175217 0.000000
487 1 25.108850 10.087665 3.000000
488 1 11.023030 35.229162 1.000000
489 1 96.096146 89.366097 0.000000
490 1 41.782947 98.787171 1.000000
491 1 9.367183 32.572711 2.000000
492 1 9.375824 1.050521 0.000000
493 1 13.303328 54.675553 1.000000
494 1 58.649450 19.551626 1.000000
495 1 86.222370 42.819328 2.000000
496 1 72.776257 87.495504 2.000000
497 1 81.288964 56.522986 3.000000
498 1 74.093049 22.974801 3.000000
499 1 40.372197 2.156243 1.000000
500 1 93.794116 12.468631 3.000000
501 1 43.629706 86.384709 1.000000
502 1 20.869673 39.457778 2.000000
503 1 91.652665 8.429562 2.000000
504 1 52.366357 2.290033 1.000000
505 1 61.169011 72.676370 1.000000
506 1 46.269849 77.872059 3.000000
507 1 9.426462 73.048414 3.000000
508 1 47.855371 18.242468 1.000000
509 1 80.139072 43.371870 1.000000
510 1 11.366610 5.131429 1.000000
511 1 46.025293 86.054875 2.000000
512 1 14.329843 98.178389 2.000000
513 1 76.836285 50.402539 3.000000
514 1 43.080399 62.846472 2.000000
515 1 17.719068 95.773117 3.000000
516 1 51.493212 82.809741 3.000000
517 1 98.568347 89.560787 3.000000
518 1 78.421144 41.430072 1.000000
519 1 28.654015 48.920646 2.000000
520 1 13.016416 46.223293 2.000000
521 1 7.203161 99.723825 2.000000
522 1 71.510749 33.846898 0.000000
523 1 0.015995 71.011354 1.000000
524 1 92.351553 86.975126 2.000000
525 1 13.897021 21.433161 1.000000
526 1 37.715248 59.037548 0.000000
527 1 3.576320 67.939879 0.000000
528 1 47.678856 77.511879 1.000000
529 1 46.080691 23.399995 2.000000
530 1 51.501792 61.832210 1.000000
531 1 49.557295 48.080282 2.000000
532 1 62.631440 64.803025 1.000000
533 1 19.657568 15.836596 1.000000
534 1 34.448492 68.973595 1.000000
535 1 12.789168 78.443090 2.000000
536 1 40.118751 84.417465 1.000000
537 1 20.794948 68.414052 3.000000
538 1 40.821085 93.629588 3.000000
539 1 27.063998 67.220636 1.000000
540 1 12.932566 52.204066 1.000000
541 1 97.238718 78.522852 1.000000
542 1 42.360029 4.298609 2.000000
543 1 43.808820 46.256439 3.000000
544 1 28.410015 55.883400 0.000000
545 1 10.497096 60.121978 1.000000
546 1 59.252229 82.122876 2.000000
547 1 19.399657 81.783846 2.000000
548 1 94.555299 32.570328 1.000000
549 1 69.045754 11.184565 0.000000
550 1 42.162754 94.306778 2.000000
551 1 32.167620 76.223824 1.000000
552 1 27.913111 57.008630 1.000000
553 1 62.998655 45.589099 2.000000
554 1 86.439293 20.814732 1.000000
555 1 30.753784 23.124462 2.000000
556 1 29.186436 96.214079 3.000000
557 1 97.363482 50.099215 0.000000
558 1 60.506277 2.183848 1.000000
559 1 21.929141 73.323463 1.000000
560 1 53.277483 88.596750 1.000000
561 1 63.259599 48.281784 0.000000
562 1 12.654256 88.122045 1.000000
563 1 10.859226 72.427682 3.000000
564 1 0.626316 92.017891 2.000000
565 1 76.092198 96.606036 3.000000
566 1 6.347575 1.017200 1.000000
567 1 63.057268 75.827948 1.000000
568 1 73.343035 77.939273 3.000000
569 1 67.800679 2.623355 2.000000
570 1 61.335620 83.657965 2.000000
571 1 63.040699 61.554848 1.000000
572 1 17.790415 83.494998 0.000000
573 1 53.114059 90.131060 2.000000
574 1 96.912146 8.557687 0.000000
575 1 72.473679 80.525852 2.000000
576 1 47.089266 72.193283 2.000000
577 1 19.430001 45.726680 3.000000
578 1 10.366728 3.823721 2.000000
579 1 45.214317 2.983523 2.000000
580 1 34.478149 80.030922 2.000000
581 1 41.157821 51.995235 2.000000
582 1 10.036847 5.015741 3.000000
583 1 38.672776 82.002832 2.000000
584 1 22.240246 53.279657 2.000000
585 1 20.980620 45.505415 2.000000
586 1 80.755553 17.705673 3.000000
587 1 40.620782 74.965548 1.000000
588 1 10.928216 87.853200 0.000000
589 1 99.793949 97.607703 2.000000
590 1 65.440003 48.906272 2.000000
591 1 24.093610 67.196088 1.000000
592 1 16.794437 97.298509 3.000000
593 1 86.076437 57.954598 2.000000
594 1 72.560458 20.067531 0.000000
595 1 12.004744 73.544452 2.000000
596 1 66.067105 64.885344 2.000000
597 1 64.530046 64.957953 2.000000
598 1 95.622804 75.442403 3.000000
599 1 73.779960 50.916393 2.000000
600 1 42.533486 38.489053 3.000000
601 1 79.063175 33.298454 3.000000
602 1 54.630579 34.580717 0.000000
603 1 65.075900 89.288347 1.000000
604 1 82.503888 36.933198 1.000000
605 1 92.068049 85.407364 1.000000
606 1 97.664477 34.223686 2.000000
607 1 28.110862 71.293977 2.000000
608 1 22.385686 39.787276 1.000000
609 1 47.319898 81.175036 2.000000
610 1 1.364532 83.318896 0.000000
611 1 91.080543 46.457746 3.000000
612 1 91.791196 70.014544 1.000000
613 1 3.826690 78.158527 0.000000
614 1 87.279612 47.248108 1.000000
615 1 50.077918 85.163055 3.000000
616 1 13.666801 9.924306 1.000000
617 1 1.496242 97.414861 1.000000
618 1 93.253416 8.488404 2.000000
619 1 73.356283 56.350525 2.000000
620 1 18.259990 25.226392 1.000000
621 1 77.288174 41.452660 2.000000
622 1 65.663660 67.526739 2.000000
623 1 50.180105 82.032909 3.000000
624 1 40.459140 77.718182 0.000000
625 1 76.326326 81.933853 2.000000
626 1 40.608317 95.063615 1.000000
627 1 67.251123 85.901752 1.000000
628 1 68.827742 68.858179 1.000000
629 1 88.490276 74.495928 1.000000
630 1 10.886221 21.290330 2.000000
631 1 30.358395 53.664669 1.000000
632 1 96.675545 24.034999 0.000000
633 1 50.800503 63.358481 2.000000
634 1 43.684236 73.003762 0.000000
635 1 2.180735 21.951209 2.000000
636 1 45.163162 46.890416 2.000000
637 1 37.224061 29.125718 0.000000
638 1 95.629685 59.225937 2.000000
639 1 94.161768 48.683750 0.000000
640 1 49.283185 46.057086 2.000000
641 1 23.144813 54.553553 1.000000
642 1 0.037877 73.873613 3.000000
643 1 85.292075 44.072308 1.000000
644 1 23.937223 84.453062 3.000000
645 1 45.300065 22.172314 1.000000
646 1 67.894851 49.506749 1.000000
647 1 80.816002 96.019075 1.000000
648 1 71.923755 69.764000 0.000000
649 1 17.760713 71.974535 0.000000
650 1 89.888490 31.855490 1.000000
651 1 79.125925 98.532674 3.000000
652 1 84.745852 35.990575 1.000000
653 1 99.077085 96.383103 0.000000
654 1 73.895716 57.722389 2.000000
655 1 39.524759 66.604160 2.000000
656 1 41.513797 50.503953 3.000000
657 1 11.511311 51.643989 1.000000
658 1 21.698986 83.385316 1.000000
659 1 75.350631 50.743339 2.000000
660 1 20.137821 44.321393 3.000000
661 1 68.162297 79.599056 2.000000
662 1 0.733201 24.136386 3.000000
663 1 94.521232 74.231036 2.000000
664 1 0.220600 61.957170 2.000000
665 1 64.310941 59.576381 2.000000
666 1 49.269293 99.856482 1.000000
667 1 80.979516 66.886748 2.000000
668 1 88.695158 30.963031 1.000000
669 1 74.830225 55.744523 2.000000
670 1 6.637920 82.227285 0.000000
671 1 75.688003 23.384571 2.000000
672 1 8.217234 40.127009 3.000000
673 1 7.217163 4.388459 1.000000
674 1 78.877879 34.681404 2.000000
675 1 33.523186 35.072498 0.000000
676 1 95.220804 95.059461 1.000000
677 1 16.552004 57.860083 0.000000
678 1 19.562453 67.407525 2.000000
679 1 76.646380 3.388418 3.000000
680 1 62.408333 87.705200 1.000000
681 1 2.218133 96.386856 1.000000
682 1 89.105563 71.134901 1.000000
683 1 29.583998 66.563080 1.000000
684 1 69.114975 3.862370 3.000000
685 1 68.574508 36.160549 1.000000
686 1 47.924205 99.078380 2.000000
687 1 70.308002 43.510745 1.000000
688 1 46.039891 80.372259 1.000000
689 1 58.594498 92.161183 2.000000
690 1 14.124615 77.644811 1.000000
691 1 37.970673 80.923825 0.000000
692 1 0.838198 74.961092 1.000000
693 1 59.868157 52.371412 0.000000
694 1 94.786064 60.365161 2.000000
695 1 9.551224 53.591242 1.000000
696 1 74.626372 48.268605 2.000000
697 1 51.061507 86.385527 3.000000
698 1 88.639851 52.848039 2.000000
699 1 9.088547 59.415410 1.000000
700 1 60.008647 84.403171 3.000000
701 1 20.428311 94.870119 1.000000
702 1 8.144370 19.142073 0.000000
703 1 16.266012 48.580805 3.000000
704 1 67.618673 4.116691 3.000000
705 1 49.795408 90.865511 1.000000
706 1 26.777166 11.358217 2.000000
707 1 32.337815 46.017734 3.000000
708 1 28.181014 88.717421 0.000000
709 1 2.069118 30.828935 0.000000
710 1 41.062510 3.594853 3.000000
711 1 71.647079 1.993380 3.000000
712 1 68.077591 60.090978 2.000000
713 1 44.920011 71.020045 3.000000
714 1 29.206220 39.211163 1.000000
715 1 48.196147 0.555149 1.000000
716 1 51.100225 94.136882 1.000000
717 1 19.952763 10.026342 1.000000
718 1 70.700085 31.574501 1.000000
719 1 81.489705 33.532750 1.000000
720 1 6.492458 96.680003 1.000000
721 1 27.040672 87.028071 3.000000
722 1 93.001678 25.354614 0.000000
723 1 28.972972 3.542365 0.000000
724 1 26.948985 72.938330 2.000000
725 1 51.153042 49.669633 0.000000
726 1 62.684653 57.288491 3.000000
727 1 54.677858 67.208133 0.000000
728 1 71.989808 32.333237 1.000000
729 1 10.363662 58.555296 2.000000
730 1 21.850974 12.296373 2.000000
731 1 59.807800 93.028595 2.000000
732 1 18.780731 43.531069 3.000000
733 1 0.826862 22.558272 3.000000
734 1 61.518876 58.108674 2.000000
735 1 33.746773 45.775420 1.000000
736 1 73.683065 49.429260 2.000000
737 1 90.939388 92.689292 2.000000
738 1 15.638428 64.870356 0.000000
739 1 35.623195 11.455454 0.000000
740 1 93.421865 90.774897 2.000000
741 1 87.575524 65.666503 1.000000
742 1 28.169140 86.006624 3.000000
743 1 28.439670 72.654623 1.000000
744 1 64.357958 87.045371 2.000000
745 1 65.173390 3.780249 2.000000
746 1 32.509114 18.521327 1.000000
747 1 22.692539 10.006631 3.000000
748 1 61.644510 44.863293 1.000000
749 1 71.431863 42.508384 3.000000
750 1 30.635850 55.248435 1.000000
751 1 83.181286 84.490388 1.000000
752 1 75.165769 84.474803 2.000000
753 1 5.766107 45.567542 2.000000
754 1 67.685587 67.869512 2.000000
755 1 19.789344 32.242001 1.000000
756 1 63.029348 86.421218 2.000000
757 1 21.486432 59.536623 0.000000
758 1 48.375571 83.622455 2.000000
759 1 11.651077 36.659250 1.000000
760 1 86.429494 68.845895 0.000000
761 1 79.872658 56.219658 2.000000
762 1 94.718390 11.542279 2.000000
763 1 50.637646 46.898069 2.000000
764 1 38.236165 65.704533 2.000000
765 1 92.555585 89.580409 3.000000
766 1 19.216804 95.809093 2.000000
767 1 96.181645 34.493731 3.000000
768 1 89.946345 89.230519 1.000000
769 1 74.865531 77.509148 2.000000
770 1 54.835376 44.883868 0.000000
771 1 27.321662 48.052423 3.000000
772 1 39.528426 92.758201 1.000000
773 1 95.919212 73.880822 3.000000
774 1 74.150575 81.014067 3.000000
775 1 52.056786 71.516957 0.000000
776 1 70.426931 68.469149 1.000000
777 1 75.612171 98.102758 1.000000
778 1 84.829804 42.152100 1.000000
779 1 24.759942 91.013317 1.000000
780 1 10.306504 38.773726 0.000000
781 1 73.868007 1.770483 1.000000
782 1 24.141243 89.708883 1.000000
783 1 73.248440 21.727767 1.000000
784 1 69.157856 5.455868 2.000000
785 1 68.038649 66.516387 2.000000
786 1 82.252728 17.310654 1.000000
787 1 42.491187 46.908276 1.000000
788 1 41.884599 5.842067 2.000000
789 1 98.077503 10.533141 0.000000
790 1 84.480015 56.876563 0.000000
791 1 10.817452 29.881325 2.000000
792 1 55.804212 53.492005 0.000000
793 1 70.329664 67.377294 0.000000
794 1 34.445962 70.310575 1.000000
795 1 93.972827 4.854838 2.000000
796 1 34.201948 55.690494 1.000000
797 1 35.390674 17.758719 2.000000
798 1 75.438276 83.155151 2.000000
799 1 48.655262 85.159439 3.000000
800 1 48.829426 12.803950 0.000000
801 1 12.649513 7.444656 3.000000
802 1 62.825947 8.391855 1.000000
803 1 13.625622 69.348085 0.000000
804 1 0.701134 25.292734 0.000000
805 1 7.504935 26.694130 0.000000
806 1 16.570483 72.862040 0.000000
807 1 40.672379 96.983792 1.000000
808 1 8.029525 72.243186 2.000000
809 1 81.292986 68.226866 2.000000
810 1 16.936152 89.736472 0.000000
811 1 13.160854 6.089278 2.000000
812 1 30.096245 18.744826 0.000000
813 1 98.268229 31.028447 0.000000
814 1 8.779278 33.735544 1.000000
815 1 31.901436 90.324232 0.000000
816 1 77.757932 96.709056 3.000000
817 1 62.764106 78.397208 3.000000
818 1 68.726624 78.187941 2.000000
819 1 99.721949 30.442745 1.000000
820 1 42.151099 97.349018 3.000000
821 1 67.353309 78.383774 2.000000
822 1 33.712481 78.672556 2.000000
823 1 9.668643 15.225185 3.000000
824 1 93.308562 81.774368 0.000000
825 1 33.514366 14.375736 0.000000
826 1 97.041795 74.697205 2.000000
827 1 82.444322 6.113544 1.000000
828 1 44.946131 87.101131 3.000000
829 1 83.761885 6.385144 1.000000
830 1 2.132667 23.555844 3.000000
831 1 63.983974 58.116165 3.000000
832 1 68.766483 89.832033 0.000000
833 1 72.970099 83.376397 1.000000
834 1 17.268562 43.959694 3.000000
835 1 11.597936 46.789083 1.000000
836 1 66.543644 66.327060 3.000000
837 1 44.089451 51.564777 1.000000
838 1 41.749406 39.765287 3.000000
839 1 0.675927 48.863849 1.000000
840 1 16.608041 49.986247 2.000000
841 1 85.431774 54.468922 0.000000
842 1 54.839555 78.866460 1.000000
843 1 72.604634 51.460493 0.000000
844 1 0.104494 77.820870 1.000000
845 1 7.317030 33.977435 1.000000
846 1 55.857450 99.476520 0.000000
847 1 43.875506 18.933227 2.000000
848 1 13.740997 87.051010 1.000000
849 1 74.074445 86.583878 1.000000
850 1 86.165194 65.670752 1.000000
851 1 35.904756 30.289365 2.000000
852 1 57.856449 49.962312 0.000000
853 1 9.391766 71.644345 3.000000
854 1 6.514227 60.804749 2.000000
855 1 30.255234 97.105596 2.000000
856 1 8.963262 93.589898 3.000000
857 1 9.907486 70.218677 1.000000
858 1 91.770785 88.348435 3.000000
859 1 54.166012 0.108229 1.000000
860 1 90.892326 89.550466 3.000000
861 1 9.297819 2.826000 2.000000
862 1 50.433160 84.023026 1.000000
863 1 87.245969 53.398200 1.000000
864 1 59.977213 91.453819 1.000000
865 1 77.437763 15.325610 1.000000
866 1 35.335559 46.425053 1.000000
867 1 24.101422 64.684530 2.000000
868 1 38.351705 32.083124 1.000000
869 1 35.204527 19.237493 2.000000
870 1 85.027978 76.961439 2.000000
871 1 77.523425 0.362490 1.000000
872 1 18.747375 94.640362 1.000000
873 1 75.137128 9.233713 1.000000
874 1 47.415441 97.137450 0.000000
875 1 23.456502 63.351835 2.000000
876 1 58.437739 84.784943 1.000000
877 1 38.426466 99.884623 2.000000
878 1 87.260908 58.409975 3.000000
879 1 79.809758 95.955343 1.000000
880 1 15.664444 47.505895 3.000000
881 1 64.476049 73.372836 3.000000
882 1 71.891328 77.951910 2.000000
883 1 36.086927 28.157550 2.000000
884 1 68.734795 34.643850 1.000000
885 1 15.201022 49.720127 1.000000
886 1 2.993385 89.313724 0.000000
887 1 20.446741 14.530779 3.000000
888 1 61.327409 78.723693 2.000000
889 1 29.984781 25.791302 3.000000
890 1 48.620810 71.630710 0.000000
891 1 20.964683 66.825326 2.000000
892 1 41.669956 12.632247 1.000000
893 1 10.472534 93.353524 3.000000
894 1 99.061934 6.619598 1.000000
895 1 29.687896 65.169842 2.000000
896 1 89.040376 84.760240 2.000000
897 1 12.319160 47.796476 0.000000
898 1 82.478046 54.806594 1.000000
899 1 79.026446 14.921501 1.000000
900 1 6.692996 71.363807 1.000000
901 1 16.280221 99.243665 2.000000
902 1 98.562503 77.754325 1.000000
903 1 46.859767 83.453838 2.000000
904 1 67.960048 54.363685 1.000000
905 1 62.497560 97.890758 0.000000
906 1 85.738399 51.464864 1.000000
907 1 46.167937 24.912370 1.000000
908 1 57.022915 67.600007 1.000000
909 1 10.409689 2.336867 1.000000
910 1 77.856330 98.053443 3.000000
911 1 68.421022 58.700843 2.000000
912 1 66.556956 68.832020 2.000000
913 1 11.600269 6.534183 3.000000
914 1 75.345160 2.670945 2.000000
915 1 74.941999 24.761497 1.000000
916 1 47.103466 84.986232 3.000000
917 1 79.785763 67.922960 3.000000
918 1 33.475279 46.842241 2.000000
919 1 37.966897 76.564428 0.000000
920 1 42.664056 89.116731 0.000000
921 1 68.130143 91.852565 0.000000
922 1 77.776950 40.071957 3.000000
923 1 70.624539 77.149759 2.000000
924 1 13.613761 8.466618 3.000000
925 1 27.882049 95.328746 3.000000
926 1 84.559212 40.626434 1.000000
927 1 73.682469 99.118187 3.000000
928 1 13.683249 4.090811 0.000000
929 1 58.580792 54.829723 0.000000
930 1 33.036621 79.753963 1.000000
931 1 84.198049 8.772416 1.000000
932 1 26.644848 9.837304 2.000000
933 1 13.351779 97.073573 1.000000
934 1 66.174206 99.804179 0.000000
935 1 19.941917 13.111349 2.000000
936 1 94.749910 7.845705 1.000000
937 1 43.672620 91.599521 0.000000
938 1 18.540377 33.223020 1.000000
939 1 10.459766 91.198859 0.000000
940 1 65.306093 12.182987 1.000000
941 1 80.889138 54.647452 2.000000
942 1 15.487937 36.732168 0.000000
943 1 86.816610 56.928349 2.000000
944 1 46.646500 46.950097 2.000000
945 1 23.066847 13.587347 2.000000
946 1 37.665454 37.808044 0.000000
947 1 44.898504 17.946909 2.000000
948 1 85.050522 60.159025 2.000000
949 1 78.042243 49.716814 2.000000
950 1 39.633040 81.082286 3.000000
951 1 0.849619 47.512884 1.000000
952 1 49.502995 9.578986 0.000000
953 1 96.730669 36.633030 1.000000
954 1 65.093568 50.462280 2.000000
955 1 10.230375 94.675883 2.000000
956 1 19.485116 17.833741 0.000000
957 1 51.867973 56.744410 0.000000
958 1 48.683774 91.825482 3.000000
959 1 23.647477 9.396528 2.000000
960 1 71.319434 3.522532 1.000000
961 1 51.179776 79.926459 2.000000
962 1 55.557962 77.302889 2.000000
963 1 87.098418 78.565007 1.000000
964 1 56.547702 83.281541 1.000000
965 1 56.494093 76.175408 1.000000
966 1 65.863654 17.761807 0.000000
967 1 44.568965 65.940015 1.000000
968 1 16.683302 14.862743 0.000000
969 1 39.058927 83.402380 3.000000
970 1 64.729114 62.276828 2.000000
971 1 49.017137 17.396534 3.000000
972 1 25.931478 12.616297 2.000000
973 1 6.414631 95.309887 2.000000
974 1 29.558131 93.618758 1.000000
975 1 57.426640 66.174548 3.000000
976 1 78.911762 73.100256 2.000000
977 1 14.571623 74.901072 1.000000
978 1 93.447752 13.925517 1.000000
979 1 6.544818 93.950209 2.000000
980 1 76.268369 40.266887 2.000000
981 1 86.522711 1.765778 0.000000
982 1 99.275255 72.443478 2.000000
983 1 92.725069 78.102456 0.000000
984 1 50.390132 78.580654 2.000000
985 1 51.140557 77.255452 2.000000
986 1 70.485177 75.799855 1.000000
987 1 76.241505 78.192067 2.000000
988 1 59.848006 83.016025 3.000000
989 1 77.351968 80.180630 0.000000
990 1 85.404496 19.549270 3.000000
991 1 19.259532 8.629812 2.000000
992 1 62.555681 73.444516 2.000000
993 1 76.419530 65.690389 0.000000
994 1 89.905226 43.931524 2.000000
995 1 14.444339 46.458852 1.000000
996 1 13.018650 56.195075 1.000000
997 1 64.287294 19.723301 0.000000
998 1 99.767118 89.883766 2.000000
999 1 55.044250 74.180473 1.000000
